47.38 84.56;
47.37 81.94;
49.01 79.55;
45.61 79.01;
44.59 84.44;
42.26 85.28;
41.87 83.51;
39.10 84.05;
36.14 79.26;
33.77 80.44;
33.73 77.39;
34.40 73.84;
34.14 68.33;
31.55 66.78;
30.41 68.67;
25.56 71.88;
25.81 68.37;
24.26 69.63;
23.90 67.37;
22.41 65.50;
20.62 64.95;
20.68 62.80;
22.36 59.27;
26.61 58.23;
26.68 54.02;
30.55 55.87;
32.34 54.39;
32.46 53.79;
35.99 52.56;
38.74 53.54;
39.39 55.70;
34.47 58.51;
38.91 60.32;
36.87 63.67;
38.79 68.73;
41.39 72.70;
47.31 71.97;
44.10 68.12;
50.81 65.26;
48.92 61.71;
48.02 60.54;
49.05 58.80;
51.66 62.23;
54.58 63.94;
54.69 65.69;
57.02 68.02;
57.07 72.47;
59.12 71.37;
63.26 67.77;
65.73 70.66;
68.94 70.30;
70.24 70.94;
70.63 72.81;
66.24 75.36;
62.50 75.77;
58.65 77.68;
54.32 74.50;
53.95 75.45;
53.36 77.10;
53.60 80.11;
56.73 84.77;
59.40 88.54;
64.33 84.04;
67.27 84.94;
69.59 82.26;
72.16 84.66;
71.28 80.56;
72.14 76.73;
71.90 75.85;
75.13 73.50;
74.81 77.20;
87.19 83.16;
86.87 80.82;
87.01 78.01;
87.63 74.33;
85.43 71.48;
83.49 71.28;
80.98 71.98;
83.01 66.13;
82.66 63.69;
78.37 62.91;
74.07 60.34;
73.49 61.28;
72.12 60.89;
70.14 63.43;
67.14 61.44;
60.42 61.85;
56.72 58.92;
60.08 55.16;
61.88 54.40;
59.34 47.82;
59.72 45.48;
63.97 41.77;
64.51 44.21;
64.15 47.11;
67.23 47.54;
66.49 52.46;
67.69 53.38;
70.61 50.64;
72.86 55.63;
76.42 50.04;
81.69 51.42;
81.59 53.58;
79.73 56.38;
87.33 56.42;
86.38 53.94;
83.75 52.65;
84.93 50.48;
87.92 48.07;
85.89 45.94;
87.13 43.57;
82.08 42.66;
79.71 43.62;
75.45 45.32;
73.48 46.79;
67.59 44.17;
73.96 39.72;
72.94 38.42;
71.38 34.73;
70.33 30.62;
66.54 32.57;
66.30 29.41;
66.34 26.31;
65.29 23.83;
67.39 20.68;
72.59 14.32;
72.98 17.95;
72.50 21.77;
80.53 20.62;
76.27 28.26;
78.24 31.87;
82.29 30.08;
83.09 33.10;
88.85 37.96;
87.89 34.92;
87.76 33.23;
87.01 25.91;
87.95 17.09;
82.38 15.97;
86.65 9.25;
77.84 6.79;
72.58 5.67;
70.03 9.20;
67.45 6.13;
66.23 6.01;
65.87 9.94;
66.36 11.65;
64.97 11.30;
62.10 11.03;
58.44 9.06;
58.99 5.76;
53.64 6.20;
53.17 10.17;
59.29 14.08;
59.92 14.51;
59.63 16.00;
63.28 15.37;
63.22 18.38;
58.82 20.03;
60.63 23.62;
60.60 29.06;
58.45 33.47;
56.22 35.76;
52.59 29.87;
51.13 25.39;
47.83 28.00;
50.89 36.38;
47.24 36.38;
44.71 35.84;
43.10 38.33;
40.44 43.01;
48.22 43.47;
52.37 45.60;
54.97 44.51;
55.57 47.76;
54.90 51.68;
49.08 51.60;
48.09 49.91;
45.73 53.55;
42.94 52.08;
43.56 49.50;
38.86 48.09;
35.89 48.53;
36.84 44.69;
34.25 39.45;
28.21 37.86;
33.70 32.79;
31.46 31.94;
26.15 30.80;
20.27 33.11;
19.29 35.81;
17.88 36.07;
19.58 40.90;
17.48 41.72;
13.35 36.71;
9.79 38.60;
8.02 40.96;
5.64 43.10;
6.14 46.25;
9.15 46.84;
12.99 48.83;
14.94 49.38;
18.46 46.68;
19.27 48.63;
22.02 50.83;
18.77 50.26;
12.81 56.36;
9.56 55.71;
7.45 54.60;
8.61 65.01;
9.30 65.95;
16.41 68.72;
21.47 69.14;
24.27 73.82;
22.06 75.32;
20.61 78.20;
19.25 76.24;
14.88 74.35;
14.01 74.97;
13.80 80.34;
14.68 86.87;
14.97 88.91;
17.22 90.55;
16.42 92.43;
15.56 95.55;
14.98 97.20;
21.46 96.96;
25.60 95.00;
23.73 92.90;
21.61 90.62;
24.82 87.71;
21.52 86.10;
24.77 81.09;
27.59 83.18;
29.13 79.18;
32.12 85.37;
34.80 91.42;
44.52 90.91;
48.57 91.03;
51.28 87.13;
50.81 85.19;
