78.44 6.57;
60.31 15.83;
77.94 6.10;
61.71 53.73;
66.54 33.28;
28.66 78.78;
45.68 53.05;
45.72 53.73;
78.04 63.17;
72.32 61.77;
41.82 84.22;
39.41 53.35;
18.59 35.88;
88.46 33.34;
41.90 82.81;
59.26 77.71;
49.13 90.59;
25.60 71.17;
22.12 96.69;
62.46 53.91;
53.75 5.84;
20.88 90.72;
28.46 79.48;
44.63 91.33;
70.75 35.10;
42.07 72.94;
54.35 6.78;
17.88 41.12;
22.76 50.33;
73.05 61.84;
52.78 10.58;
6.79 45.75;
48.35 61.16;
43.86 48.85;
68.21 43.62;
45.15 91.53;
18.93 49.57;
73.19 39.08;
88.56 35.15;
83.20 16.20;
22.49 59.98;
14.45 73.79;
42.41 38.11;
66.70 20.48;
44.24 49.65;
64.33 41.17;
16.39 68.01;
26.04 71.38;
53.92 74.76;
26.72 58.92;
42.87 85.66;
15.37 87.00;
21.49 50.20;
75.60 74.02;
39.16 54.11;
50.79 84.48;
24.70 66.98;
68.11 84.94;
23.19 93.47;
46.17 79.44;
22.17 69.03;
52.39 10.38;
65.33 10.41;
57.43 84.83;
78.57 63.00;
77.51 63.21;
19.99 35.90;
71.80 75.15;
82.90 33.39;
51.42 61.55;
72.36 76.04;
65.28 9.56;
80.36 72.33;
71.80 21.72;
82.22 33.35;
5.00 42.82;
22.68 58.63;
81.13 72.66;
9.17 64.95;
55.59 35.52;
54.84 74.55;
26.50 68.72;
53.58 5.29;
85.98 54.54;
64.38 42.35;
59.91 29.27;
59.25 16.60;
34.16 79.83;
85.80 46.65;
31.85 66.13;
20.81 68.86;
44.32 91.78;
21.67 65.94;
14.35 75.69;
66.43 61.38;
87.71 78.12;
54.62 75.71;
64.07 84.70;
48.55 42.82;
71.22 61.04;
53.92 10.40;
82.93 15.30;
47.64 81.27;
75.72 50.11;
28.78 38.29;
21.93 65.61;
8.47 64.53;
73.38 60.45;
68.21 52.86;
81.63 30.37;
86.94 77.30;
57.33 71.80;
45.47 79.71;
34.29 32.24;
62.70 14.77;
67.36 84.51;
13.50 56.49;
34.92 74.00;
82.88 71.65;
67.31 48.01;
72.10 77.44;
39.05 47.40;
19.72 40.20;
55.34 51.10;
64.52 44.92;
56.88 35.81;
60.14 46.04;
42.74 84.73;
73.69 61.95;
49.51 61.29;
86.92 26.62;
31.81 54.88;
33.87 40.04;
54.13 75.32;
16.29 91.71;
9.56 65.28;
57.50 68.54;
73.44 40.22;
24.21 88.09;
67.20 52.47;
67.96 5.64;
61.41 10.84;
79.25 63.16;
86.78 54.54;
66.51 47.84;
39.27 54.99;
58.38 9.89;
43.23 51.42;
58.57 13.97;
59.91 54.46;
16.76 91.82;
15.06 96.30;
63.34 67.05;
22.36 50.53;
39.50 68.67;
68.38 53.39;
44.03 35.61;
48.09 84.74;
34.71 73.45;
13.34 55.79;
6.79 54.27;
67.73 85.60;
12.45 57.04;
8.77 46.27;
58.23 34.15;
80.94 53.86;
87.54 44.16;
27.30 58.42;
66.37 47.30;
19.92 48.89;
69.90 72.80;
87.95 33.91;
63.29 14.69;
81.02 51.62;
46.63 53.38;
69.72 30.95;
9.01 55.24;
54.87 52.38;
13.68 74.24;
26.47 53.36;
72.25 56.01;
36.76 78.95;
50.72 65.91;
77.04 28.47;
66.95 75.18;
68.16 6.12;
48.91 43.67;
62.51 54.49;
27.75 38.43;
72.77 84.29;
30.73 68.03;
82.70 15.65;
40.12 42.38;
86.75 56.83;
15.88 96.17;
24.34 81.64;
21.22 77.82;
72.08 61.01;
35.91 79.92;
25.51 87.78;
65.66 11.46;
67.63 84.90;
54.29 44.76;
87.70 26.05;
70.58 64.00;
50.59 24.91;
22.37 66.10;
87.67 82.61;
47.18 27.74;
64.62 23.56;
44.13 84.74;
34.59 57.80;
33.11 33.33;
63.47 47.34;
19.62 35.19;
15.86 97.37;
6.63 46.43;
69.17 81.65;
14.93 88.39;
23.88 68.07;
44.45 67.50;
58.16 19.78;
49.47 62.13;
33.28 68.53;
71.82 80.09;
66.84 5.63;
33.55 68.09;
52.61 77.58;
21.73 85.41;
20.65 64.24;
19.42 75.53;
59.14 78.26;
68.78 69.59;
75.50 28.06;
19.37 47.93;
17.47 89.89;
8.35 46.55;
14.48 86.18;
35.14 73.38;
72.76 22.44;
78.84 56.21;
20.71 62.08;
19.94 32.48;
87.81 35.64;
68.05 84.46;
62.65 18.80;
39.45 83.45;
59.12 47.13;
22.35 90.50;
15.16 48.71;
25.45 80.94;
15.19 96.82;
87.84 83.43;
81.79 15.40;
28.10 82.66;
54.86 47.74;
84.73 71.49;
67.01 47.04;
25.11 68.01;
65.84 32.38;
59.90 23.58;
68.25 44.25;
51.12 65.96;
9.21 38.19;
7.41 40.56;
81.97 43.35;
50.16 36.08;
58.16 78.10;
45.09 85.13;
18.16 46.02;
32.24 32.27;
22.49 74.74;
33.99 78.06;
13.44 79.73;
21.95 97.49;
60.05 15.19;
63.90 15.92;
30.70 55.17;
53.31 77.58;
37.23 63.06;
32.51 84.76;
47.98 71.76;
56.44 35.08;
48.75 50.96;
46.53 36.54;
49.28 78.90;
53.75 64.13;
84.31 50.83;
34.99 68.09;
53.80 77.88;
77.39 7.26;
87.87 48.80;
51.62 36.66;
77.01 50.46;
74.91 74.17;
65.05 43.73;
82.00 63.97;
59.34 70.70;
66.76 6.46;
43.83 84.03;
64.26 11.17;
15.83 94.91;
47.26 85.27;
69.52 63.78;
51.34 65.66;
88.50 38.59;
83.05 34.01;
19.47 50.34;
69.99 82.85;
12.84 48.14;
24.16 68.91;
77.73 32.36;
8.67 64.17;
66.19 5.32;
69.94 50.85;
67.85 43.69;
58.82 34.08;
14.18 89.30;
87.41 81.30;
25.64 31.29;
74.50 40.21;
72.36 13.65;
67.96 48.06;
65.62 26.29;
70.48 70.28;
36.02 45.06;
63.42 68.44;
84.56 52.28;
56.04 58.69;
51.54 45.58;
75.36 77.64;
15.62 88.31;
82.38 66.42;
35.35 90.97;
62.82 17.80;
36.15 47.86;
51.90 29.61;
23.10 67.79;
60.08 88.66;
54.20 66.20;
73.08 47.39;
34.43 77.22;
87.52 80.49;
37.66 44.34;
49.06 58.07;
58.49 8.22;
9.88 65.58;
72.34 17.65;
80.12 21.19;
32.79 54.93;
65.03 84.02;
39.49 56.41;
58.55 5.20;
84.00 53.51;
51.48 86.44;
65.59 29.48;
86.17 9.79;
54.81 66.38;
6.57 46.97;
55.41 63.75;
72.31 5.00;
26.08 94.47;
53.84 76.15;
60.35 62.54;
12.88 36.18;
17.16 36.17;
75.00 45.88;
30.69 31.62;
66.85 51.87;
84.10 52.86;
60.98 62.29;
73.62 38.61;
39.32 59.73;
24.27 92.34;
73.37 56.14;
32.60 53.08;
53.21 45.62;
74.46 77.82;
54.14 79.64;
80.62 56.55;
86.95 74.19;
24.65 73.23;
69.38 8.89;
47.86 49.24;
87.22 17.14;
48.57 60.08;
61.80 75.83;
65.98 70.01;
29.37 79.76;
45.35 54.37;
9.94 47.19;
36.10 51.85;
36.42 44.05;
56.56 67.47;
60.56 14.77;
60.35 45.17;
65.52 75.55;
24.71 69.06;
9.07 46.11;
79.55 44.30;
