77.99 72.37;
77.50 78.97;
71.54 68.45;
69.41 66.69;
70.03 65.65;
68.23 65.00;
55.16 57.42;
49.16 63.11;
51.95 64.92;
51.08 68.72;
51.00 71.26;
57.41 76.65;
56.64 78.40;
48.18 76.84;
41.78 70.95;
36.94 72.18;
40.12 77.32;
39.02 84.17;
38.25 88.10;
32.21 87.32;
28.45 86.99;
10.48 78.26;
7.30 69.59;
4.88 66.42;
8.86 56.80;
8.26 47.11;
6.73 43.08;
10.24 41.75;
15.51 43.83;
21.96 37.04;
22.24 48.30;
18.25 61.06;
15.34 62.65;
19.60 66.65;
23.25 66.78;
29.07 66.99;
31.57 71.92;
33.31 70.02;
36.23 65.21;
34.65 64.19;
30.84 62.70;
35.70 57.18;
33.13 55.13;
36.56 51.83;
33.38 47.91;
40.85 45.98;
43.57 42.57;
39.28 35.09;
40.63 26.39;
51.70 28.91;
55.29 32.95;
56.08 16.00;
50.46 9.41;
47.11 5.84;
55.13 9.96;
63.99 11.45;
64.40 15.18;
71.84 12.78;
74.14 7.96;
73.94 14.37;
81.71 26.00;
82.75 30.57;
79.02 34.36;
67.45 37.65;
71.89 39.75;
81.48 40.28;
81.99 45.97;
75.22 47.70;
72.58 59.83;
82.02 62.04;
