36.10 57.96;
69.60 65.19;
23.77 67.25;
55.87 15.25;
81.98 61.34;
70.07 66.48;
20.08 66.46;
55.12 33.65;
82.02 25.37;
51.19 9.41;
19.57 66.23;
68.23 65.72;
82.07 45.25;
70.09 66.87;
68.75 66.90;
22.75 48.80;
32.61 69.82;
70.71 65.72;
40.87 46.50;
37.64 72.17;
35.63 64.81;
48.53 62.79;
50.01 9.92;
82.99 29.89;
36.69 72.86;
40.97 46.79;
75.03 46.99;
44.04 43.13;
22.26 37.45;
17.48 61.00;
55.06 9.23;
69.29 65.63;
40.44 46.59;
34.03 63.85;
22.79 36.75;
30.85 71.77;
51.50 29.58;
18.93 66.04;
5.96 42.95;
77.36 79.69;
28.50 87.70;
47.57 76.45;
55.52 57.98;
79.08 33.63;
9.66 78.23;
22.27 36.71;
51.46 71.82;
44.27 42.66;
16.19 44.03;
15.60 63.31;
67.06 37.05;
56.60 16.49;
8.15 56.66;
71.87 40.47;
39.44 77.07;
67.68 65.41;
19.23 66.91;
71.79 12.00;
40.03 25.96;
81.51 39.57;
64.38 12.06;
47.07 5.00;
30.12 62.49;
71.09 67.90;
32.49 54.79;
64.29 14.52;
57.90 76.13;
5.41 66.02;
72.55 39.99;
38.66 34.71;
41.19 70.55;
5.00 67.09;
55.83 57.17;
35.99 51.40;
51.37 64.50;
78.16 78.72;
14.59 62.55;
38.01 88.79;
28.44 66.69;
32.74 47.56;
57.03 77.28;
31.92 87.99;
6.59 69.45;
70.20 64.92;
77.52 71.87;
51.69 71.22;
56.18 77.89;
50.47 68.32;
72.17 59.26;
38.38 84.45;
49.72 9.44;
74.13 7.10;
73.90 13.58;
7.56 46.84;
14.78 43.75;
21.75 48.84;
9.53 41.54;
23.12 67.49;
35.31 56.41;
63.68 12.07;
