38.11 85.03;
36.59 88.73;
36.34 93.10;
30.78 89.03;
26.40 90.10;
25.17 92.99;
23.91 94.77;
21.92 96.09;
21.90 92.11;
22.66 84.38;
15.34 87.46;
13.43 84.77;
16.15 84.36;
14.84 78.48;
14.73 70.16;
14.81 66.63;
9.42 66.51;
13.04 65.05;
13.49 63.53;
15.56 54.50;
11.98 51.64;
9.79 53.74;
6.20 45.77;
5.77 41.67;
18.45 42.61;
18.66 47.11;
20.10 50.20;
24.61 52.35;
26.09 45.98;
29.14 34.67;
31.43 34.35;
30.34 38.35;
32.62 45.55;
36.31 46.08;
41.65 43.56;
43.46 41.86;
40.60 36.45;
43.02 32.62;
46.25 36.75;
52.02 32.98;
48.78 39.55;
51.12 41.57;
55.18 41.48;
57.57 41.49;
60.16 42.91;
62.21 41.51;
67.57 40.76;
69.65 39.34;
67.19 34.52;
68.17 31.63;
63.78 32.30;
62.30 22.97;
59.02 19.54;
57.64 16.17;
52.33 10.04;
64.01 13.42;
64.90 9.99;
65.98 8.48;
67.58 7.10;
76.23 6.26;
81.58 5.76;
85.90 7.68;
85.22 14.08;
75.61 22.60;
74.00 22.28;
72.32 18.43;
70.91 21.62;
71.87 25.57;
74.09 29.27;
86.31 34.23;
87.43 38.82;
76.36 40.34;
79.51 42.70;
81.35 45.43;
87.83 52.10;
83.61 56.00;
81.88 57.71;
79.83 55.95;
78.83 65.73;
78.35 74.20;
84.34 75.37;
83.90 84.41;
78.55 86.85;
77.07 80.89;
72.88 82.07;
61.78 74.52;
61.92 77.26;
61.18 78.18;
59.40 80.37;
62.95 79.93;
63.66 84.97;
61.93 89.66;
57.80 91.34;
55.13 88.68;
51.90 84.64;
51.61 80.97;
53.35 76.19;
49.57 72.18;
54.08 72.15;
58.16 68.98;
61.75 65.56;
63.11 68.45;
65.07 69.83;
69.67 58.95;
69.50 56.02;
68.45 50.81;
69.90 49.96;
74.60 49.56;
73.11 48.29;
69.91 45.42;
66.19 47.07;
62.54 47.30;
57.15 45.06;
52.38 47.39;
46.71 48.51;
49.88 50.75;
50.30 58.82;
50.31 63.91;
41.92 66.13;
41.74 60.78;
37.62 60.05;
37.28 64.94;
31.77 67.01;
29.44 59.52;
25.91 64.58;
22.54 72.39;
24.78 74.43;
34.18 76.50;
38.26 75.60;
43.13 81.92;
43.83 83.12;
47.81 84.90;
47.79 89.02;
45.67 89.81;
42.30 88.09;
