61.67 78.04;
62.27 77.43;
31.90 45.51;
25.21 64.37;
62.48 77.17;
13.29 62.81;
84.28 55.39;
14.02 64.01;
62.59 77.64;
37.80 85.77;
74.46 48.88;
21.35 92.57;
81.73 56.99;
72.18 17.71;
51.17 42.31;
42.37 60.34;
83.88 56.82;
61.42 78.62;
67.98 50.27;
62.02 78.46;
48.92 71.87;
64.10 32.95;
42.24 61.44;
64.59 70.37;
62.10 77.01;
83.54 55.65;
38.55 85.77;
36.64 88.01;
62.68 76.75;
17.94 47.01;
74.18 21.60;
57.44 15.49;
77.64 74.30;
69.26 50.22;
78.78 73.64;
80.50 55.66;
40.93 43.59;
54.21 76.42;
41.24 36.73;
46.73 47.80;
83.92 56.43;
57.21 90.91;
65.45 70.45;
50.46 41.47;
41.27 36.14;
42.65 31.99;
62.62 67.92;
76.29 22.45;
62.72 79.08;
57.37 40.81;
69.68 56.65;
76.15 5.55;
43.74 83.80;
70.73 20.91;
43.01 88.14;
47.36 48.74;
84.54 84.71;
42.86 88.54;
44.29 82.59;
5.50 42.29;
37.26 88.48;
69.75 49.27;
52.56 84.91;
72.20 81.82;
50.91 80.80;
52.64 75.65;
65.73 46.55;
54.08 72.87;
41.09 61.30;
19.36 50.17;
29.76 37.95;
58.83 18.84;
85.86 6.92;
53.67 75.96;
38.33 85.53;
25.24 73.90;
39.16 75.73;
69.28 56.71;
42.42 81.76;
13.95 65.13;
62.00 75.22;
30.06 88.90;
81.53 5.00;
59.56 79.69;
61.21 74.77;
59.82 80.92;
83.95 85.12;
14.89 54.31;
61.47 89.12;
49.62 58.62;
13.65 62.90;
25.38 45.88;
5.73 40.95;
51.62 42.03;
64.78 9.29;
62.02 46.83;
69.23 58.40;
57.20 45.76;
86.23 33.52;
54.67 88.12;
23.87 52.36;
62.42 74.54;
70.18 56.33;
60.36 42.22;
62.30 80.17;
19.16 42.53;
37.89 84.20;
76.14 39.66;
75.74 23.32;
21.96 84.22;
28.76 59.25;
41.20 66.03;
35.65 92.99;
61.20 65.12;
5.47 45.66;
8.66 66.44;
15.28 69.76;
23.20 94.70;
80.33 56.41;
68.22 7.49;
30.97 33.80;
73.90 28.57;
24.40 73.78;
22.60 91.97;
28.69 34.13;
33.50 76.34;
15.42 70.38;
52.97 46.94;
67.06 33.83;
87.34 38.12;
15.44 84.28;
79.13 66.36;
14.52 70.85;
31.06 66.86;
11.29 51.48;
51.67 83.98;
38.40 75.93;
21.84 72.27;
54.75 72.43;
51.81 47.86;
67.46 40.06;
42.77 42.01;
41.69 59.95;
12.71 84.70;
52.21 9.29;
25.68 90.00;
14.61 87.39;
5.00 41.71;
51.89 32.25;
63.16 80.80;
85.16 13.33;
48.52 38.89;
79.47 65.47;
60.85 43.04;
71.68 24.88;
47.08 88.88;
47.10 84.72;
81.27 57.29;
36.58 64.75;
84.09 74.70;
13.43 64.92;
44.97 89.68;
9.08 53.63;
64.44 32.00;
46.03 36.06;
14.88 65.91;
69.56 38.62;
62.03 40.82;
37.49 76.08;
15.46 66.96;
67.28 7.69;
65.87 7.79;
63.85 12.73;
77.88 86.61;
63.18 84.44;
79.31 42.01;
62.13 22.28;
49.67 63.59;
24.46 92.91;
13.75 64.49;
17.83 42.34;
53.56 75.44;
36.95 59.84;
82.49 58.15;
83.04 55.29;
57.57 45.62;
72.97 47.58;
87.70 51.41;
74.09 22.99;
68.05 30.90;
76.49 80.49;
14.14 78.40;
49.28 50.39;
21.19 96.02;
54.97 40.79;
35.60 46.11;
57.56 68.60;
81.16 44.73;
69.77 44.71;
66.87 7.35;
